smpi/os=0:7.2377052617472725e-06:7.698842436449874e-11;127:1.024604731529103e-05:1.5667906277781508e-11;1351:1.0261810211617116e-05:1.3570150296518056e-10;2863:1.0797332095948389e-05:4.268700945106673e-11;6956:1.0517279903088117e-05:8.320142696485802e-11;10886:1.0645791969891577e-05:7.380096390791096e-11;30748:1.1084601796108691e-05:1.5427537909744646e-10;129826:2.07245856977841e-05:1.3545501114217432e-10;194336:9.650355480611237e-08:2.6514617431579004e-10;396585:1.6903742208198486e-05:2.540458627132259e-10;2079875:0.00010077389436366191:2.097185965228126e-10;2563356:0.008006320179537592:4.591774807899561e-41;2584184:3.643380381943733e-06:2.510632774505958e-10;4227646:0.0:0.0;5523487:0.0:0.0;6931201:0.0:0.0;9860555:0.0:0.0;19116690:0.0:0.0;32018717:0.0:0.0;48466648:0.0:0.0
smpi/or=0:1.5038843826083708e-05:9.183549615799121e-41;127:1.5279305602850874e-05:2.2958874039497803e-41;1351:1.616663516870541e-05:6.108506635470722e-10;2863:1.9540287179278187e-05:1.1378741232345006e-09;6956:8.86689246093552e-06:2.219067203431438e-09;10886:2.612076328483665e-05:3.366182486764462e-10;30748:2.7775317725245877e-05:2.5839816722173966e-10;129826:9.799456509533031e-07:4.243757645088966e-10;194336:1.51649570592398e-05:3.0445645492454735e-10;396585:4.934349454829187e-05:2.4844121095355317e-10;2079875:0.00014968205539456968:2.668345380814386e-10;2563356:0.00891261745381649:9.183549615799121e-41;2584184:2.6727647100921956e-51:5.153750290836001e-10;4227646:0.0:0.0;5523487:0.0:0.0;6931201:0.0:0.0;9860555:0.0:0.0;19116690:0.0:0.0;32018717:0.0:0.0;48466648:0.0:0.0
smpi/ois=0:8.380392773626131e-06:2.130159292342093e-09;127:8.634893770990341e-06:2.135241221495408e-10;1351:9.344778061504728e-06:1.4349296274686127e-42;2863:9.369978794504517e-06:2.1832177158563073e-11;6956:9.679366527634202e-06:1.793662034335766e-43;10886:9.242955730467468e-06:6.852342716253077e-11;30748:9.460460875627939e-06:1.543956905215315e-10;129826:2.0322263358289176e-05:1.2569391798735314e-10;194336:4.70197740328915e-38:2.594596785005557e-10;396585:1.8625115644742137e-05:2.478340687222385e-10;2079875:8.512145449239459e-06:2.468362319851133e-10;2563356:0.003273801172440748:2.2958874039497803e-41;2584184:5.3234988446077194e-06:2.496106408188033e-10;4227646:4.0062049092364055e-05:2.44124722233308e-10;5523487:0.001414733842472101:1.2489505038492898e-12;6931201:0.0013504593964880859:1.2011476437016798e-11;9860555:0.001350015063390653:1.5272296886118288e-11;19116690:0.0014601836363089754:1.0388050487829754e-11;32018717:0.0014923303934048292:8.87282298279335e-12;48466648:0.0020009231683501103:5.0748949546796044e-14
smpi/bw-factor=0:0.10599597324467493;127:0.06210108606392347;1351:0.5376453602715641;2863:0.14035699715281166;6956:1.0;10886:1.0060098378659184;30748:0.8653281632007367;129826:2.426507986002955;194336:1.4193612594782947;396585:1.3241272729049776;2079875:1.3766701664067384;2563356:1.0835151111711285;2584184:2.3804609333148994;4227646:0.9420349505689084;5523487:0.9415688041563218;6931201:0.9405276304532323;9860555:0.94086468173291;19116690:0.9409882515943834;32018717:0.9414209840231763;48466648:0.9410920906266121
smpi/lat-factor=0:0.14874849927907513;127:0.14276511216581295;1351:0.19508511220006886;2863:0.12555734872916954;6956:0.6298442784473802;10886:0.35311033796899444;30748:0.34180900747607096;129826:0.7177604720819832;194336:0.3911781868534889;396585:0.19250005172620607;2079875:0.0;2563356:0.0;2584184:0.5901051230691917;4227646:0.6736201594981723;5523487:0.6695314110096214;6931201:0.6122026868094117;9860555:0.6456682900050886;19116690:0.6629314037372427;32018717:0.7664140443882634;48466648:0.6320323889727385
smpi/async-small-thresh=4227646
smpi/send-is-detached-thresh=2563356
smpi/iprobe=2.048555260043375e-05
smpi/test=1.6462122119941955e-06
