smpi/os=0:1.1064455258757023e-05:3.555550244414061e-09;96:0.002449339149149479:1.88079096131566e-37;403:1.4609708096366408e-05:2.8698592549372254e-42;1351:1.5118117946506216e-05:1.4349296274686127e-42;2525:1.4396112819825695e-05:2.649158122744254e-10;10076:1.528462818370875e-05:1.5891545583038824e-10;30748:1.718980662470783e-05:2.658007450812167e-10;886428:0.00010977494186097242:1.5255549894195393e-10;1185602:3.851859888774472e-34:2.6071003642626707e-10;1787560:3.982004445151598e-05:2.363501079746931e-10;2209598:4.3394294422337115e-05:2.1594925319024486e-10;2575363:0.00016564642756993075:2.0241864060340742e-10;3108060:0.0016853213680534712:2.2958874039497803e-41;3498642:0.0002623733620241108:2.0225823986241655e-10;4324981:0.0:0.0;5608234:0.0:0.0;6931201:0.0:0.0;11257519:0.0:0.0;16096050:0.0:0.0;21389555:0.0:0.0;22244978:0.0:0.0
smpi/or=0:1.1690640917615888e-05:4.591774807899561e-41;96:1.1783466544330264e-05:1.1479437019748901e-41;403:9.63282802560359e-06:1.3602302107797131e-09;1351:2.477643163518666e-05:1.1479437019748901e-41;2525:1.586272743014523e-05:2.266008637266375e-09;10076:3.7385691717491644e-05:2.233624782792948e-10;30748:4.11486869157904e-05:1.691691436793964e-10;886428:6.14807146551471e-05:1.4946000463331398e-10;1185602:2.6088820333232937e-05:1.7571212471225577e-10;1787560:0.0005102688775624291:4.484155085839415e-44;2209598:0.0023083248261811227:1.1479437019748901e-41;2575363:0.0001933838210620324:3.00425576625329e-10;3108060:0.010957025870734915:9.183549615799121e-41;3498642:0.009196591835609535:9.183549615799121e-41;4324981:0.0:0.0;5608234:0.0:0.0;6931201:0.0:0.0;11257519:0.0:0.0;16096050:0.0:0.0;21389555:0.0:0.0;22244978:0.0:0.0
smpi/ois=0:1.3404620699025224e-05:6.462348535570529e-27;96:1.3807508701507611e-05:1.1625699918446519e-09;403:1.1827609004410172e-05:2.8681348317900287e-09;1351:1.3296673604410607e-05:1.058089003934216e-09;2525:1.3812555163365797e-05:2.1580829547227578e-10;10076:1.4209092147814368e-05:1.6244576629621505e-10;30748:1.5426221034087918e-05:2.662205771743323e-10;886428:0.00010051225918557631:1.6803058889080834e-10;1185602:4.235164736271502e-22:2.7305912258442294e-10;1787560:0.2021258915839795:1.4693679385278594e-39;2209598:0.0007312330072121359:1.4349296274686127e-42;2575363:0.00022274294669604117:1.8609813008042434e-10;3108060:0.0020004038323717392:4.591774807899561e-41;3498642:0.00030515032829601973:1.7663186821298294e-10;4324981:0.0007068147515831769:8.588596938905626e-11;5608234:0.0006287989054297911:9.786069914451243e-11;6931201:0.0007170076581847407:7.842788973730943e-11;11257519:0.0011386566052034716:4.392140134554524e-11;16096050:0.001136005796236915:4.2079583568559224e-11;21389555:0.0016460244179058135:1.542704974103307e-11;22244978:0.0020766450475962796:9.725692401119706e-14
smpi/bw-factor=0:0.5993633354721855;96:0.2694318104080988;403:0.36782752213006065;1351:1.0014889038900807;2525:1.7728749315570926;10076:0.979288942869715;30748:0.9606729402639013;886428:0.9603147994017086;1185602:0.9623484413668161;1787560:0.9417227118473736;2209598:0.9524111994762043;2575363:0.9734090878561757;3108060:0.9470370198278739;3498642:0.9414171816085393;4324981:0.9411868118018151;5608234:0.942905921512;6931201:0.941584123897628;11257519:0.941100358981151;16096050:0.9415570860132056;21389555:0.9433433379912908;22244978:0.9414478612863557
smpi/lat-factor=0:0.38594511600406833;96:0.3803120623333536;403:0.4193730091141083;1351:0.5469173118315609;2525:0.6885825688040794;10076:0.4551661528629772;30748:0.4817026364444116;886428:0.5200083492665388;1185602:0.7225239827579893;1787560:0.0;2209598:0.0;2575363:0.0;3108060:0.0;3498642:0.0;4324981:0.7761645849915064;5608234:1.599722426158523;6931201:1.0510779479501282;11257519:0.665884347942154;16096050:1.2760342825068398;21389555:4.413412506829632;22244978:2.1058686025160718
smpi/async-small-thresh=4324981
smpi/send-is-detached-thresh=2575363
smpi/iprobe=2.144409988588754e-06
smpi/test=1.0164721211437037e-06
